37.787647,-122.484853
37.787689,-122.484188
37.788045,-122.484208
37.788312,-122.484170
37.788893,-122.483773
37.789402,-122.484073
37.789449,-122.484309
37.789542,-122.484513
37.789665,-122.484652
37.789754,-122.484829
37.789873,-122.485221
37.790017,-122.485538
37.790181,-122.485669
37.790329,-122.485728
37.790528,-122.486018
37.790676,-122.485905
37.790803,-122.485819
37.791142,-122.485519
37.791447,-122.485143
37.791566,-122.485004
37.791812,-122.484800
37.792160,-122.484639
37.792533,-122.484360
37.792753,-122.484167
37.793084,-122.483942
37.793694,-122.483631
37.794237,-122.483395
37.795941,-122.482644
37.796484,-122.482451
37.797137,-122.482140
37.798044,-122.481797
37.798256,-122.481718
37.798485,-122.481713
37.798659,-122.481751
37.798885,-122.481663
37.798970,-122.481556
37.799055,-122.481443
37.799136,-122.481373
37.799352,-122.481309
37.799598,-122.481153
37.799751,-122.481051
37.799933,-122.480960
37.800204,-122.480756
37.800403,-122.480531
37.800929,-122.480290
37.801353,-122.480172
37.801811,-122.480097
37.801959,-122.480017
37.802417,-122.479910
37.802574,-122.479835
37.802850,-122.479738
37.803740,-122.479341
37.803982,-122.479202
37.804436,-122.479052
37.805114,-122.478832
37.805296,-122.478773
37.806641,-122.478479
37.806680,-122.478450
37.807290,-122.478375
37.807816,-122.478418
37.808036,-122.478450
37.808142,-122.478375
37.808316,-122.478198
37.808464,-122.478101
37.808833,-122.477945
37.809870,-122.477851
37.810548,-122.477754
37.810870,-122.477615
37.811073,-122.477186
37.810903,-122.476564
37.810708,-122.476371
37.810420,-122.476242
37.809835,-122.476135
37.809632,-122.476038
37.809420,-122.475544
37.809267,-122.474975
37.809182,-122.474728
37.809080,-122.474074
37.809097,-122.473229
37.808978,-122.472424
37.808955,-122.472350
37.808959,-122.472192
37.808936,-122.472125
37.808904,-122.472042
37.808894,-122.471925
37.808847,-122.471783
37.808848,-122.471656
37.808836,-122.471557
37.808794,-122.471321
37.808584,-122.470637
37.809430,-122.470043
37.809451,-122.469995
37.809180,-122.469400
37.809061,-122.469459
37.809044,-122.469534
37.809281,-122.470060
37.808535,-122.470580
37.808327,-122.470274
37.808141,-122.469941
37.807921,-122.469619
37.807811,-122.469453
37.807633,-122.469300
37.807366,-122.469171
37.807095,-122.468914
37.806964,-122.468699
37.806871,-122.468329
37.806701,-122.467514
37.806527,-122.467155
37.806468,-122.466935
37.806404,-122.466790
37.806298,-122.466634
37.806209,-122.466441
37.806162,-122.466296
37.806065,-122.466087
37.805980,-122.465771
37.805899,-122.465294
37.805768,-122.464918
37.805526,-122.464473
37.805255,-122.463754
37.805141,-122.463545
37.805014,-122.463191
37.804982,-122.462940
37.805010,-122.462736
37.805116,-122.462267
37.805173,-122.461706
37.805226,-122.460690
37.805283,-122.460296
37.805294,-122.460057
37.805555,-122.458312
37.805746,-122.457448
37.805827,-122.456568
37.805903,-122.456171
37.806429,-122.454390
37.806404,-122.454297
37.806190,-122.454225
37.806020,-122.454308
37.805560,-122.454364
37.805448,-122.454334
37.805410,-122.454339
37.805385,-122.454390
37.805336,-122.455042
37.805139,-122.456270
37.804809,-122.459135
37.804652,-122.460042
37.804627,-122.460455
37.804589,-122.460535
37.804508,-122.460401
37.804487,-122.460314
37.804525,-122.460204
37.804550,-122.460040
37.804520,-122.459901
37.804247,-122.459770
37.804158,-122.459765
37.804005,-122.459781
37.803865,-122.459929
37.803759,-122.459972
37.803677,-122.459955
37.803770,-122.459494
37.803952,-122.459022
37.803897,-122.458861
37.803890,-122.458658
37.803971,-122.458049
37.804102,-122.457711
37.804045,-122.457555
37.804056,-122.457344
37.804094,-122.457009
37.804126,-122.456446
37.804175,-122.456264
37.804493,-122.455800
37.804523,-122.455652
37.804428,-122.455475
37.804496,-122.455220
37.804538,-122.454697
37.804566,-122.454348
37.804647,-122.454219
37.804630,-122.454039
37.804613,-122.454003
37.804477,-122.454011
37.804413,-122.453984
37.804383,-122.453949
37.804391,-122.453912
37.804495,-122.453848
37.804554,-122.453502
37.804558,-122.453210
37.804562,-122.453190
37.804588,-122.453154
37.804631,-122.453156
37.804671,-122.453164
37.804693,-122.453198
37.804743,-122.453243
37.804828,-122.453424
37.804881,-122.453644
37.804962,-122.453735
37.805049,-122.453762
37.805166,-122.453778
37.805331,-122.453765
37.805435,-122.453784
37.805452,-122.453870
37.805444,-122.453934
37.805472,-122.454028
37.805633,-122.454066
37.805881,-122.453943
37.805856,-122.453873
37.805871,-122.453761
37.805960,-122.453584
37.806028,-122.453364
37.806022,-122.452846
37.806052,-122.452580
37.806103,-122.452368
37.806130,-122.452368
37.806154,-122.452393
37.806158,-122.452809
37.806139,-122.452932
37.806173,-122.452959
37.806214,-122.452945
37.806237,-122.452889
37.806231,-122.452810
37.806203,-122.452746
37.806190,-122.452561
37.806218,-122.452486
37.806241,-122.452438
37.806276,-122.452421
37.806304,-122.452431
37.806336,-122.452587
37.806336,-122.452587
37.806347,-122.452834
37.806385,-122.453100
37.806360,-122.453191
37.806294,-122.453266
37.806230,-122.453317
37.806217,-122.453357
37.806266,-122.453400
37.806305,-122.453417
37.806318,-122.453476
37.806231,-122.453913
37.806184,-122.454026
37.806224,-122.454096
37.806269,-122.454037
37.806419,-122.453712
37.806480,-122.453556
37.806611,-122.453060
37.806639,-122.452690
37.806603,-122.452339
37.806436,-122.451690
37.806398,-122.451355
37.806419,-122.450989
37.806512,-122.450587
37.806578,-122.450496
37.806627,-122.450340
37.806661,-122.450211
37.806680,-122.450031
37.806728,-122.449843
37.806715,-122.449747
37.806798,-122.449224
37.806805,-122.449096
37.806784,-122.449010
37.806766,-122.448970
37.806763,-122.448766
37.806750,-122.448697
37.806769,-122.448447
37.806383,-122.448109
37.806277,-122.448359
37.806150,-122.448482
37.805993,-122.448536
37.805158,-122.448397
37.804988,-122.448402
37.804755,-122.448338
37.804458,-122.448279
37.804255,-122.448783
37.804136,-122.449030
37.803903,-122.449298
37.803623,-122.449513
37.803267,-122.449642
37.802873,-122.449626
37.802572,-122.449546
37.802275,-122.449417
37.802012,-122.449149
37.801745,-122.448752
37.801582,-122.448390
37.801552,-122.448108
37.801582,-122.447837
37.801315,-122.447810
37.801226,-122.447751
37.800353,-122.447601
37.800294,-122.447633
37.794827,-122.446747
37.794751,-122.446708
37.794471,-122.446807
37.794268,-122.446668
37.794166,-122.446829
37.791890,-122.446317
37.791496,-122.449391
37.790572,-122.454222
37.789550,-122.459467
37.789380,-122.460357
37.788227,-122.466226
37.786964,-122.466215
37.786821,-122.468704
37.786702,-122.471182
37.786651,-122.472180
37.786329,-122.472201
37.786321,-122.473274
37.787220,-122.473349
37.787076,-122.474454
37.786839,-122.474593
37.786898,-122.475784
37.786906,-122.476213
37.786864,-122.476599
37.786949,-122.476814
37.786856,-122.477548
37.786803,-122.477553
37.786892,-122.478084
37.786998,-122.478414
37.787049,-122.478728
37.787060,-122.479350
37.787149,-122.480367
37.787244,-122.481231
37.787274,-122.482315
37.787128,-122.482495
37.787329,-122.484075
37.787647,-122.484853
